0.265 2.378
1.384 -0.028
-0.317 0.267
2.832 -0.534
1.533 0.632
0.604 -0.318
0.349 0.008
2.149 0.05
0.878 0.174
2.655 0.106
1.72 -0.881
1.954 0.397
0.391 -0.653
1.027 -0.151
0.206 1.042
1.288 1.045
1.435 1.482
0.436 -0.399
2.529 1.066
1.492 1.961
1.561 -0.045
1.417 0.089
-0.854 0.701
1.561 -0.901
0.975 -1.449
-0.546 1.749
1.852 0.453
0.325 -0.258
1.855 -0.071
0.684 0.881
2.744 0.969
2.264 -0.015
-0.587 0.617
-0.006 0.325
-0.662 0.326
0.197 0.437
1.223 -0.71
0.561 0.528
-0.365 0.301
0.634 -1.211
1.159 2.062
0.97 -0.543
0.495 0.34
4.021 -0.081
1.384 1.509
0.401 -0.926
0.093 0.996
2.563 2.426
1.763 0.248
2.196 0.291
