-0.913 1
3.162 1
1.346 1
-1.674 1
3.154 1
-1.68 1
-2.604 1
-0.844 1
-3.312 1
0.73 1
2.332 1
-1.471 1
-2.229 1
2.429 1
-3.154 1
1.682 1
-1.272 1
3.072 1
-0.823 1
0.524 1
-0.562 1
3.487 1
-4.253 1
0.844 1
-1.377 1
-2.832 1
2.889 1
-0.147 1
3.129 1
2.12 1
-0.592 1
0.281 1
1.48 1
3.449 1
-0.642 1
-2.118 1
1.581 1
-3.698 1
-1.505 1
1.239 1
-1.469 1
0.541 1
-0.303 1
-1.023 1
0.419 1
0.824 1
1.127 1
-1.224 1
4.296 1
2.194 1
-1.557 2
4.948 2
-2.83 2
-1.698 2
-2.394 2
-4.177 2
5.924 2
-4.694 2
-4.527 2
-0.988 2
9.442 2
-0.222 2
2.887 2
7.37 2
-3.077 2
-4.501 2
-2.532 2
-2.56 2
3.368 2
-0.572 2
2.564 2
1.827 2
-2.08 2
-3.915 2
3.058 2
-3.379 2
7.089 2
6.808 2
-1.678 2
4.89 2
-1.798 2
10.142 2
-5.566 2
-0.179 2
6.011 2
2.496 2
-3.2 2
-2.431 2
5.106 2
1.814 2
-4.92 2
1.339 2
2.782 2
-1.132 2
-2.108 2
-8.871 2
-0.38 2
1.536 2
-6.148 2
-4.383 2
